三年级数学练习答案

----------------第1页--------------------

2512  2611  2555  522  2506  872  212  3784  1740  477  2184  1296  1890  2035  169  157  232  2286  557  1257  277   

 ----------------第2页--------------------

2961  1200  874  700  1260  1211  942  1440  2046  1585  3208  1638  1250  3185  245  876  93  276  2790  416  1211   

 ----------------第3页--------------------

1464  346  368  2597  2842  1165  2898  2768  3220  1001  3438  662  1496  2121  1680  142  72  31  454  254  110   

 ----------------第4页--------------------

3120  928  402  855  936  2072  922  1192  1410  784  2100  90  2296  2208  334  2349  72  1449  435  39  267   

 ----------------第5页--------------------

2997  1014  1748  1570  243  1920  126  996  280  595  42  490  2106  224  565  61  442  179  207  19  774   

 ----------------第6页--------------------

1386  1280  1414  1195  996  1393  218  1152  4329  1135  472  2056  1680  4401  269  117  592  340  477  109  780   

 ----------------第7页--------------------

2025  880  2090  560  2422  324  862  948  2526  2214  2336  276  2430  800  173  1288  24  213  96  433  163   

 