三年级数学练习答案

----------------第1页--------------------

5  1  80  40  90  500  90  600  5  80  70  800  800  200  50  4  1  700  600  900  90   

 ----------------第2页--------------------

100  7  2  1  4  90  8  700  400  50  6  500  1  6  700  1  10  300  7  50  80   

 ----------------第3页--------------------

900  900  70  100  80  700  40  900  4  40  1  8  70  40  100  80  6  7  4  70  90   

 ----------------第4页--------------------

7  50  700  700  300  60  800  500  2  700  3  8  5  9  500  10  100  70  1  300  8   

 ----------------第5页--------------------

5  70  10  3  70  90  200  8  6  70  90  800  500  300  3  80  600  20  9  900  900   

 ----------------第6页--------------------

20  70  200  30  1  90  200  3  8  300  2  80  7  800  100  30  600  600  80  100  3   

 ----------------第7页--------------------

200  100  200  90  900  600  20  10  600  20  500  9  6  200  90  70  4  9  20  200  1   

 