692  26  3933  1512  1395  2970  702  424  1435  972  2728  340  100  3171  138  60  435  346  1638  295  3504   

 2214  2184  198  2471  1295  999  612  1106  1188  110  780  3348  2238  720  2478  1809  1336  1338  2208  404  3807   

 388  1023  126  2364  1280  2862  2944  1296  909  924  147  1535  1836  685  660  765  760  2478  3771  192  2455   

 434  2037  1116  474  777  3672  2415  1989  2400  2090  3051  2110  885  286  726  798  1356  2886  1890  2432  2862   

 492  1917  3393  450  957  2982  552  2058  876  316  2331  552  1120  912  270  2408  1135  1035  1040  262  1017   

 372  840  780  1280  84  520  1975  945  711  976  2496  830  2429  152  2598  1975  2352  4419  1194  1075  935   

 2840  1812  1376  2608  1930  810  1413  4464  2156  2037  2429  1808  324  1224  615  2235  1932  484  1855  2048  134   

 