三年级数学练习答案

----------------第1页--------------------

440  200  480  430  470  390  470  420  70  560  290  500  540  470  390  430  230  180  340  350  190   

 ----------------第2页--------------------

340  390  120  340  340  390  140  460  390  520  340  560  280  340  230  340  110  330  390  400  870   

 ----------------第3页--------------------

450  540  160  680  590  150  590  400  270  550  910  360  640  600  390  170  360  850  140  260  330   

 ----------------第4页--------------------

270  280  490  540  290  190  60  200  430  380  110  150  140  200  660  420  140  480  240  300  750   

 ----------------第5页--------------------

580  680  700  160  220  110  420  260  500  680  880  190  560  300  790  400  610  280  190  280  60   

 ----------------第6页--------------------

460  200  620  170  730  160  250  430  480  300  590  310  170  530  290  170  630  320  230  610  300   

 ----------------第7页--------------------

130  420  620  750  800  330  280  950  890  410  250  290  770  720  90  310  630  290  620  300  500   

 