三年级数学练习答案

----------------第1页--------------------

289  361  2164  3276  600  380  150  856  1680  982  2961  58/72  47/92  15/17  1926  965  404  76  >  >  >   

 ----------------第2页--------------------

729  1692  2348  647  490  690  840  774  5004  342  1220  11/86  45/56  0  2884  979  167  237  >  >  >   

 ----------------第3页--------------------

1077  3263  1677  557  510  470  410  1878  3294  180  2807  1  31/98  0  2647  1422  1848  1732  >  <  <   

 ----------------第4页--------------------

3155  735  2567  883  500  950  640  2904  442  192  200  15/17  48/51  92/97  272  433  159  594  >  <  =   

 ----------------第5页--------------------

779  2360  620  2825  550  300  460  4984  2148  1554  6503  14/21  2/15  33/58  599  272  388  338  <  <  <   

 ----------------第6页--------------------

1065  2397  442  133  510  440  820  2360  2394  654  222  0  1/13  10/71  308  162  2784  439  =  >  >   

 ----------------第7页--------------------

683  270  2546  506  480  820  240  3177  5782  438  1302  0  0  1  1519  480  340  423  =  <  =   

 