三年级数学练习答案

----------------第1页--------------------

830  450  210  380  250  770  540  500  430  150  420  220  160  190  1260  1460  4380  5100  6560  5040  810   

 ----------------第2页--------------------

460  770  680  100  600  210  430  360  480  660  310  410  200  500  3640  5520  1260  1450  6640  1760  1160   

 ----------------第3页--------------------

360  290  140  150  170  400  370  870  350  390  200  370  370  530  3000  1840  400  2240  3040  6880  2220   

 ----------------第4页--------------------

430  370  680  360  810  280  620  60  660  790  650  530  670  130  2600  1500  510  2320  880  2580  240   

 ----------------第5页--------------------

520  180  190  520  250  400  80  360  120  750  460  340  530  470  940  1720  3060  2880  3120  7200  2750   

 ----------------第6页--------------------

720  540  670  230  260  260  480  510  450  380  570  50  160  830  3880  1280  6750  1920  2700  3600  300   

 ----------------第7页--------------------

300  270  180  560  150  770  180  470  330  290  250  210  390  690  980  1260  2030  7830  330  1440  3040   

 